0 0.416096 0.326575 0.152448 0.159672
1 0.398799 0.207492 0.092762 0.187178
1 0.312122 0.076072 0.114807 0.152144
3 0.499734 0.463772 0.075654 0.132165
3 0.554098 0.532203 0.103786 0.077152
3 0.371236 0.563734 0.239127 0.348191
0 0.551817 0.854229 0.236846 0.138874
3 0.176969 0.635855 0.092381 0.150279
1 0.052083 0.349050 0.104167 0.277077
1 0.104927 0.469810 0.173358 0.341482
3 0.747225 0.152815 0.095423 0.156988
0 0.831623 0.104176 0.083257 0.205963
2 0.837705 0.657323 0.128117 0.279090
1 0.942258 0.690049 0.114443 0.297579
1 0.901960 0.933867 0.195039 0.130427
