0 0.515129 0.476190 0.153274 0.261111
0 0.332093 0.251984 0.180060 0.182540
0 0.398382 0.880615 0.109707 0.178487
3 0.304558 0.848700 0.073508 0.164303
0 0.510306 0.931025 0.084589 0.136283
1 0.624793 0.655754 0.102100 0.175265
0 0.751281 0.531085 0.118634 0.169312
2 0.764716 0.315807 0.152943 0.106481
1 0.669229 0.290675 0.069444 0.191138
3 0.873429 0.615741 0.082672 0.158730
0 0.816799 0.136243 0.074405 0.272487
0 0.513230 0.086071 0.079075 0.172141
1 0.572917 0.105303 0.067708 0.186364
1 0.404594 0.089680 0.128311 0.179360
1 0.792379 0.633547 0.121083 0.123219
3 0.261647 0.270669 0.072178 0.096457
